match
1,2,3
1;3;2,8;2;0,2;5;4
7,5,6
1;4;10,5;1;2,0;2;8
red
match
1,3,7
5;2;4,8;4;4,4;4;3
2,4,6
4;4;10,5;1;4,2;2;3
blue
match
2,5,7
1;3;2,8;2;0,2;5;4
1,3,4
1;4;10,5;1;2,0;2;8
blue
match
7,2,4
5;2;4,8;4;4,4;4;3
1,5,3
4;4;10,5;1;4,2;2;3
red
match
1,2,3
1;3;2,8;2;0,2;5;4
7,5,6
1;4;10,5;1;2,0;2;8
red
match
1,3,7
5;2;4,8;4;4,4;4;3
2,4,6
4;4;10,5;1;4,2;2;3
blue
match
2,5,7
1;3;2,8;2;0,2;5;4
1,3,4
1;4;10,5;1;2,0;2;8
blue
match
7,2,4
5;2;4,8;4;4,4;4;3
1,5,3
4;4;10,5;1;4,2;2;3
red
match
1,2,3
1;3;2,8;2;0,2;5;4
7,5,6
1;4;10,5;1;2,0;2;8
red
match
1,3,7
5;2;4,8;4;4,4;4;3
2,4,6
4;4;10,5;1;4,2;2;3
blue
match
2,5,7
1;3;2,8;2;0,2;5;4
1,3,4
1;4;10,5;1;2,0;2;8
blue
match
7,2,4
5;2;4,8;4;4,4;4;3
1,5,3
4;4;10,5;1;4,2;2;3
red
match
1,2,3
1;3;2,8;2;0,2;5;4
7,5,6
1;4;10,5;1;2,0;2;8
red
match
1,3,7
5;2;4,8;4;4,4;4;3
2,4,6
4;4;10,5;1;4,2;2;3
blue
match
2,5,7
1;3;2,8;2;0,2;5;4
1,3,4
1;4;10,5;1;2,0;2;8
blue
match
7,2,4
5;2;4,8;4;4,4;4;3
1,5,3
4;4;10,5;1;4,2;2;3
red
match
1,2,3
1;3;2,8;2;0,2;5;4
7,5,6
1;4;10,5;1;2,0;2;8
red
match
1,3,7
5;2;4,8;4;4,4;4;3
2,4,6
4;4;10,5;1;4,2;2;3
blue
match
2,5,7
1;3;2,8;2;0,2;5;4
1,3,4
1;4;10,5;1;2,0;2;8
blue
match
7,2,4
5;2;4,8;4;4,4;4;3
1,5,3
4;4;10,5;1;4,2;2;3
red
match
1,2,3
1;3;2,8;2;0,2;5;4
7,5,6
1;4;10,5;1;2,0;2;8
red
match
1,3,7
5;2;4,8;4;4,4;4;3
2,4,6
4;4;10,5;1;4,2;2;3
blue
match
2,5,7
1;3;2,8;2;0,2;5;4
1,3,4
1;4;10,5;1;2,0;2;8
blue
match
7,2,4
5;2;4,8;4;4,4;4;3
1,5,3
4;4;10,5;1;4,2;2;3
red
match
1,2,3
1;3;2,8;2;0,2;5;4
7,5,6
1;4;10,5;1;2,0;2;8
red
match
1,3,7
5;2;4,8;4;4,4;4;3
2,4,6
4;4;10,5;1;4,2;2;3
blue
match
2,5,7
1;3;2,8;2;0,2;5;4
1,3,4
1;4;10,5;1;2,0;2;8
blue
match
7,2,4
5;2;4,8;4;4,4;4;3
1,5,3
4;4;10,5;1;4,2;2;3
red
match
1,2,3
1;3;2,8;2;0,2;5;4
7,5,6
1;4;10,5;1;2,0;2;8
red
match
1,3,7
5;2;4,8;4;4,4;4;3
2,4,6
4;4;10,5;1;4,2;2;3
blue
match
2,5,7
1;3;2,8;2;0,2;5;4
1,3,4
1;4;10,5;1;2,0;2;8
blue
match
7,2,4
5;2;4,8;4;4,4;4;3
1,5,3
4;4;10,5;1;4,2;2;3
red
match
1,2,3
1;3;2,8;2;0,2;5;4
7,5,6
1;4;10,5;1;2,0;2;8
red
match
1,3,7
5;2;4,8;4;4,4;4;3
2,4,6
4;4;10,5;1;4,2;2;3
blue
match
2,5,7
1;3;2,8;2;0,2;5;4
1,3,4
1;4;10,5;1;2,0;2;8
blue
match
7,2,4
5;2;4,8;4;4,4;4;3
1,5,3
4;4;10,5;1;4,2;2;3
red
match
1,2,3
1;3;2,8;2;0,2;5;4
7,5,6
1;4;10,5;1;2,0;2;8
red
match
1,3,7
5;2;4,8;4;4,4;4;3
2,4,6
4;4;10,5;1;4,2;2;3
blue
match
2,5,7
1;3;2,8;2;0,2;5;4
1,3,4
1;4;10,5;1;2,0;2;8
blue
match
7,2,4
5;2;4,8;4;4,4;4;3
1,5,3
4;4;10,5;1;4,2;2;3
red
match
1,2,3
1;3;2,8;2;0,2;5;4
7,5,6
1;4;10,5;1;2,0;2;8
red
match
1,3,7
5;2;4,8;4;4,4;4;3
2,4,6
4;4;10,5;1;4,2;2;3
blue
match
2,5,7
1;3;2,8;2;0,2;5;4
1,3,4
1;4;10,5;1;2,0;2;8
blue
match
7,2,4
5;2;4,8;4;4,4;4;3
1,5,3
4;4;10,5;1;4,2;2;3
red
match
1,2,3
1;3;2,8;2;0,2;5;4
7,5,6
1;4;10,5;1;2,0;2;8
red
match
1,3,7
5;2;4,8;4;4,4;4;3
2,4,6
4;4;10,5;1;4,2;2;3
blue
match
2,5,7
1;3;2,8;2;0,2;5;4
1,3,4
1;4;10,5;1;2,0;2;8
blue
match
7,2,4
5;2;4,8;4;4,4;4;3
1,5,3
4;4;10,5;1;4,2;2;3
red
match
1,2,3
1;3;2,8;2;0,2;5;4
7,5,6
1;4;10,5;1;2,0;2;8
red
match
1,3,7
5;2;4,8;4;4,4;4;3
2,4,6
4;4;10,5;1;4,2;2;3
blue
match
2,5,7
1;3;2,8;2;0,2;5;4
1,3,4
1;4;10,5;1;2,0;2;8
blue
match
7,2,4
5;2;4,8;4;4,4;4;3
1,5,3
4;4;10,5;1;4,2;2;3
red
match
1,2,3
1;3;2,8;2;0,2;5;4
7,5,6
1;4;10,5;1;2,0;2;8
red
match
1,3,7
5;2;4,8;4;4,4;4;3
2,4,6
4;4;10,5;1;4,2;2;3
blue
match
2,5,7
1;3;2,8;2;0,2;5;4
1,3,4
1;4;10,5;1;2,0;2;8
blue
match
7,2,4
5;2;4,8;4;4,4;4;3
1,5,3
4;4;10,5;1;4,2;2;3
red
match
1,2,3
1;3;2,8;2;0,2;5;4
7,5,6
1;4;10,5;1;2,0;2;8
red
match
1,3,7
5;2;4,8;4;4,4;4;3
2,4,6
4;4;10,5;1;4,2;2;3
blue
match
2,5,7
1;3;2,8;2;0,2;5;4
1,3,4
1;4;10,5;1;2,0;2;8
blue
match
7,2,4
5;2;4,8;4;4,4;4;3
1,5,3
4;4;10,5;1;4,2;2;3
red
match
1,2,3
1;3;2,8;2;0,2;5;4
7,5,6
1;4;10,5;1;2,0;2;8
red
match
1,3,7
5;2;4,8;4;4,4;4;3
2,4,6
4;4;10,5;1;4,2;2;3
blue
match
2,5,7
1;3;2,8;2;0,2;5;4
1,3,4
1;4;10,5;1;2,0;2;8
blue
match
7,2,4
5;2;4,8;4;4,4;4;3
1,5,3
4;4;10,5;1;4,2;2;3
red
match
1,2,3
1;3;2,8;2;0,2;5;4
7,5,6
1;4;10,5;1;2,0;2;8
red
match
1,3,7
5;2;4,8;4;4,4;4;3
2,4,6
4;4;10,5;1;4,2;2;3
blue
match
2,5,7
1;3;2,8;2;0,2;5;4
1,3,4
1;4;10,5;1;2,0;2;8
blue
match
7,2,4
5;2;4,8;4;4,4;4;3
1,5,3
4;4;10,5;1;4,2;2;3
red
match
1,2,3
1;3;2,8;2;0,2;5;4
7,5,6
1;4;10,5;1;2,0;2;8
red
match
1,3,7
5;2;4,8;4;4,4;4;3
2,4,6
4;4;10,5;1;4,2;2;3
blue
match
2,5,7
1;3;2,8;2;0,2;5;4
1,3,4
1;4;10,5;1;2,0;2;8
blue
match
7,2,4
5;2;4,8;4;4,4;4;3
1,5,3
4;4;10,5;1;4,2;2;3
red
match
1,2,3
1;3;2,8;2;0,2;5;4
7,5,6
1;4;10,5;1;2,0;2;8
red
match
1,3,7
5;2;4,8;4;4,4;4;3
2,4,6
4;4;10,5;1;4,2;2;3
blue
match
2,5,7
1;3;2,8;2;0,2;5;4
1,3,4
1;4;10,5;1;2,0;2;8
blue
match
7,2,4
5;2;4,8;4;4,4;4;3
1,5,3
4;4;10,5;1;4,2;2;3
red
match
1,2,3
1;3;2,8;2;0,2;5;4
7,5,6
1;4;10,5;1;2,0;2;8
red
match
1,3,7
5;2;4,8;4;4,4;4;3
2,4,6
4;4;10,5;1;4,2;2;3
blue
match
2,5,7
1;3;2,8;2;0,2;5;4
1,3,4
1;4;10,5;1;2,0;2;8
blue
match
7,2,4
5;2;4,8;4;4,4;4;3
1,5,3
4;4;10,5;1;4,2;2;3
red
match
1,2,3
1;3;2,8;2;0,2;5;4
7,5,6
1;4;10,5;1;2,0;2;8
red
match
1,3,7
5;2;4,8;4;4,4;4;3
2,4,6
4;4;10,5;1;4,2;2;3
blue
match
2,5,7
1;3;2,8;2;0,2;5;4
1,3,4
1;4;10,5;1;2,0;2;8
blue
match
7,2,4
5;2;4,8;4;4,4;4;3
1,5,3
4;4;10,5;1;4,2;2;3
red
match
1,2,3
1;3;2,8;2;0,2;5;4
7,5,6
1;4;10,5;1;2,0;2;8
red
match
1,3,7
5;2;4,8;4;4,4;4;3
2,4,6
4;4;10,5;1;4,2;2;3
blue
match
2,5,7
1;3;2,8;2;0,2;5;4
1,3,4
1;4;10,5;1;2,0;2;8
blue
match
7,2,4
5;2;4,8;4;4,4;4;3
1,5,3
4;4;10,5;1;4,2;2;3
red
match
1,2,3
1;3;2,8;2;0,2;5;4
7,5,6
1;4;10,5;1;2,0;2;8
red
match
1,3,7
5;2;4,8;4;4,4;4;3
2,4,6
4;4;10,5;1;4,2;2;3
blue
match
2,5,7
1;3;2,8;2;0,2;5;4
1,3,4
1;4;10,5;1;2,0;2;8
blue
match
7,2,4
5;2;4,8;4;4,4;4;3
1,5,3
4;4;10,5;1;4,2;2;3
red
match
1,2,3
1;3;2,8;2;0,2;5;4
7,5,6
1;4;10,5;1;2,0;2;8
red
match
1,3,7
5;2;4,8;4;4,4;4;3
2,4,6
4;4;10,5;1;4,2;2;3
blue
match
2,5,7
1;3;2,8;2;0,2;5;4
1,3,4
1;4;10,5;1;2,0;2;8
blue
match
7,2,4
5;2;4,8;4;4,4;4;3
1,5,3
4;4;10,5;1;4,2;2;3
red
match
1,2,3
1;3;2,8;2;0,2;5;4
7,5,6
1;4;10,5;1;2,0;2;8
red
match
1,3,7
5;2;4,8;4;4,4;4;3
2,4,6
4;4;10,5;1;4,2;2;3
blue
match
2,5,7
1;3;2,8;2;0,2;5;4
1,3,4
1;4;10,5;1;2,0;2;8
blue
match
7,2,4
5;2;4,8;4;4,4;4;3
1,5,3
4;4;10,5;1;4,2;2;3
red